-60 -54
-60 -48
-60 -43
-60 -37
-60 -31
-60 -25
-60 -20
-60 -14
-60 -8
-60 -2
-60 2
-60 8
-60 14
-60 20
-60 25
-60 31
-60 37
-60 43
-60 48
-54 -54
-54 -48
-54 -43
-54 -37
-54 -31
-54 -25
-54 -20
-54 -14
-54 -8
-54 -2
-54 2
-54 8
-54 14
-54 20
-54 25
-54 31
-54 37
-54 43
-54 48
-54 54
-48 -54
-48 -48
-48 -43
-48 -37
-48 -31
-48 -25
-48 -20
-48 -14
-48 -8
-48 -2
-48 2
-48 8
-48 14
-48 20
-48 25
-48 31
-48 37
-48 43
-48 48
-48 54
-43 -54
-43 -48
-43 -43
-43 -37
-43 -31
-43 -25
-43 -20
-43 -14
-43 -8
-43 -2
-43 2
-43 8
-43 14
-43 20
-43 25
-43 31
-43 37
-43 43
-43 48
-43 54
-37 -54
-37 -48
-37 -43
-37 -37
-37 -31
-37 -25
-37 -20
-37 -14
-37 -8
-37 -2
-37 2
-37 8
-37 14
-37 20
-37 25
-37 31
-37 37
-37 43
-37 48
-37 54
-31 -54
-31 -48
-31 -43
-31 43
-31 48
-31 54
-25 -54
-25 -48
-25 -43
-25 43
-25 48
-25 54
-20 -54
-20 -48
-20 -43
-20 43
-20 48
-20 54
-14 -54
-14 -48
-14 -43
-14 -37
-14 43
-14 48
-14 54
-8 -54
-8 -48
-8 -43
-8 -37
-8 -31
-8 -25
-8 -20
-8 -14
-8 14
-8 20
-8 25
-8 31
-8 37
-8 43
-8 48
-8 54
-2 -54
-2 -48
-2 -43
-2 -37
-2 -31
-2 31
-2 37
-2 43
-2 48
-2 54
2 -54
2 -48
2 -43
2 -37
2 -31
2 31
2 37
2 43
2 48
2 54
8 -54
8 -48
8 -43
8 -37
8 -31
8 31
8 37
8 43
8 48
8 54
14 -54
14 -48
14 -43
14 -37
14 -31
14 31
14 37
14 43
14 48
14 54
20 -54
20 -48
20 -43
20 43
20 48
20 54
25 -54
25 -48
25 -43
25 43
25 48
25 54
31 -54
31 -48
31 -43
31 43
31 48
31 54
37 -54
37 -48
37 -43
37 -37
37 -31
37 -25
37 -20
37 -14
37 -8
37 -2
37 2
37 8
37 14
37 20
37 25
37 31
37 37
37 43
37 48
37 54
43 -54
43 -48
43 -43
43 -37
43 -31
43 -25
43 -20
43 -14
43 -8
43 -2
43 2
43 8
43 14
43 20
43 25
43 31
43 37
43 43
43 48
43 54
48 -54
48 -48
48 -43
48 -37
48 -31
48 -25
48 -20
48 -14
48 -8
48 -2
48 2
48 8
48 14
48 20
48 25
48 31
48 37
48 43
48 48
48 54
54 -54
54 -48
54 -43
54 -37
54 -31
54 -25
54 -20
54 -14
54 -8
54 -2
54 2
54 8
54 14
54 20
54 25
54 31
54 37
54 43
54 48
54 54
60 -48
60 -43
60 -37
60 -31
60 -25
60 -20
60 -14
60 -8
60 -2
60 2
60 8
60 14
60 20
60 25
60 31
60 37
60 43
60 48
60 54
